5.753060816885195
4.163099087588112
4.449465937356671
2.3121907602440235
1.8386072869556702
1.5262977113100114
4.236496783264578
1.1571072667709823
2.1184237151392504
4.071833727603001
3.3337309176302443
2.9769103054634183
5.099134301716373
3.4534533227911948
2.964239040297746
5.38455016371151
3.2348706748155807
3.263727801886937
2.0392933128935473
2.5325283659429805
4.042876450913612
2.7637686448760856
1.6979263483103102
1.9005016331405347
2.4503200077366887
4.896061897782321
3.986105100755037
4.100744428315511
3.3680788698418183
3.2782612924812202
3.0031080577429705
1.9978794278089413
3.8381991666450817
4.969831020106149
2.484956389841289
3.8223057330956625
2.0257893887762806
5.757778045277362
2.740602753567335
2.776491471447617
3.6690656787502314
2.4126329985963917
5.342320941854335
2.195203244051999
5.098143289003777
4.204023059294202
2.480459499511913
4.281174381527718
3.263847766051748
5.664736690533079
3.478489797551117
2.6961336865557146
0.946521808401482
2.4527197350471854
2.493980131189841
3.051015772980135
3.530036420403374
2.8516767228865434
3.8922236881509384
1.5668828947524405
2.9402490126379206
4.8644415798583305
2.7811310896329644
4.949157208302844
3.3960850737744277
5.668869423947869
4.649592615420576
3.685409726415091
3.6353366802454175
5.242215146381491
4.4659797495421865
2.9956424812743827
2.1316124618128636
2.4015229669180127
1.5740250540397414
4.058600765950286
4.010551996421256
3.2696799402513044
2.041909954822541
4.175589105102368
4.084029926704395
3.536258286798797
2.164867456702832
2.5219334629624908
2.0525955841880514
4.048868516263508
5.759980490965497
3.7864218527149056
3.7301668698085777
3.191012374366437
5.823417795525409
6.174845977339469
3.851352956846101
2.223043450897704
3.814642459614866
3.983771476091175
4.254438951745293
1.571505756276989
0.950790042864599
2.369758706008556
3.1568191969673394
5.264081798327098
2.014341265312693
4.243695021057468
5.389359292476036
3.015361208781387
2.4605806165669546
3.9542863878499657
3.6915583316741127
3.1629787981315034
5.430743878314554
3.883040952019707
2.0193889064304247
2.353440963084311
2.8730617187027536
2.0037470365339938
1.5567417904887932
2.728024328063492
3.392802375407831
1.5550479345546748
2.869000962123724
4.769312372805607
3.7227686555609054
2.1853180043352034
2.579083439450116
3.2395262361675052
3.5522951641084966
1.60411279349894
5.113401605950416
2.7882977143106635
4.028722514702491
3.6051497326850144
4.187271364822895
3.976996873273347
2.8638243138048805
3.021375634556476
2.387178805323598
2.797339232580575
1.9375016920283386
1.150557552644939
3.056945164384434
3.4481563331440768
3.8182836203688493
4.625611934628977
3.426632080710211
5.112548821900426
4.032433848977251
3.3794702834003636
4.037710780554851
4.650046935412028
2.789501360746686
0.9399119671438
2.622128222541283
2.8222704216420165
2.982925491934766
3.647766013477975
3.2905915270675834
2.8849341201545387
3.2903542785450264
2.747775109885976
4.484456873901897
5.8836330449801375
2.9764802600014257
3.2792595444681845
4.03259387853018
5.04729957899515
6.731433427817197
3.381122483572451
3.9014521323262943
3.869688262818574
4.714295929973386
3.5863834101109853
4.5041727851692945
4.077799429684241
4.632197078415405
4.0956108880891895
4.537469206707855
4.85138726106522
4.0803848402893825
6.185797791060595
3.3590802883272595
3.8340072059049706
2.2282450785505077
4.11368884437286
3.459883675500135
3.3331358660169013
2.9850146085966727
3.3885432951784775
2.446956216686651
4.370411385222801
2.6313495356234697
2.426942722514447
0.3730080203587935
2.577472334823659
2.571565716690189
3.3453923493567657
3.90739974034384
4.272636694867178
2.6144636156038454
2.6206648581604344
3.554380227506083
2.319224376916772
2.753667367604706
3.127174400082851
2.913211256926825
6.820915910441272
3.544796325736287
4.058163500012088
4.473331196472769
6.113678972582661
5.065542490617165
3.355214426766729
2.5960356202348644
3.296835158276967
4.929169353144683
6.630518789869421
3.340055918430916
2.7543785480841616
4.87120647378849
5.294422562522739
3.97767922242373
4.232003942547508
4.884353774265619
3.578229114850529
4.179275388915507
4.888962631111472
2.988703432893638
1.538179558696133
3.6342311966420495
4.015996232380982
2.933882363217105
4.323768924486628
4.122362180209386
2.1576233288984965
4.04768430976684
2.462796130138296
5.004737834342017
4.450775915030078
4.809181989199074
2.7321894050297555
3.9228612585749514
2.872288565023219
5.117320345841503
2.729067179296081
4.378569003693716
2.7466570895087314
2.5780750724589185
1.1376579072455015
2.4840254359611307
2.5210435292981654
3.462178044291022
2.994528872190251
4.545021131982925
4.400218643627501
3.192123680919311
2.956925735034762
2.3081398905130475
3.696841605676172
1.798085995216967
2.2948587270902867
3.196933138601492
2.319769542645435
2.896505716821652
1.148101472413623
3.4115816634524365
2.822736485811223
5.032781950531078
1.89619815015004
2.856541531149148
3.768456566795075
