4.912403624437272
3.943243994019929
2.6870988221739793
3.1137830795928694
3.107282857178234
1.322982514810935
3.713872496896563
0.906278053203017
3.131323579816417
2.8350352864364474
4.267226462192794
3.5008089281151875
3.0797703225622626
5.086088827458812
3.9685002735995343
5.107639416573206
4.131156293102784
2.2838229558592134
2.6102406961839884
2.9899493306663563
3.365015570825044
3.3265697043204177
2.872420342308605
3.163798263504415
2.199862642148687
3.277465993228074
4.975513587744698
3.7608353435456947
5.117466158365775
3.391434405733399
3.3685106927051116
4.4107752180266715
2.608815172212236
3.5923072148858197
3.6104917747689087
4.319648479156245
2.958685924412746
3.14215956641287
2.6414117537667314
2.682893354826293
2.885599083834426
4.190151621379118
6.236859652502282
5.183610823005845
4.459505825336808
3.036362713120974
5.727698537116633
3.2183645508908185
4.254466960429462
4.326619005468329
2.5570592318025684
4.1205584525665735
1.4141902948861595
4.082420552038261
2.8851570855115622
2.7831700483343553
3.4603874436700988
4.183131456339363
3.216673973059633
2.044971127921254
4.7038453873758606
5.261764889798028
4.431779011423971
4.2011879324360635
4.246765161174923
4.748800026737082
3.734168700403782
2.61334962797353
4.1326082797651775
4.5718608278317046
4.073013988543442
3.2284446062372427
3.058447940049239
3.073219251112864
2.6862658386859377
3.968284720569674
5.594795344228021
3.8428175104213893
1.8629522330447694
5.242248517650065
2.7154353866011007
4.19254610788042
2.213049816693059
3.69877642209646
3.61191039782244
5.580511349965992
3.6099227042278366
4.679789716860205
3.2864271865276247
3.3683921047665195
5.672230449541274
5.76161313688165
4.041123340864542
2.517252929457958
3.561909231419422
6.434751462118078
4.592958879494831
2.469035817751458
3.7344810380025923
5.620815087623143
3.9446875810442665
4.063537563014084
2.878600222272196
4.950406459928603
4.852537637491188
3.8751662287372732
3.552403333816516
4.267117433994427
3.5119395632437254
2.2088410077889766
4.056615716652094
2.9204113638446856
3.67734331874585
2.882115989327474
5.150951231631683
4.152340159552285
3.9805208942339028
1.5107901706177016
3.2456256817690066
3.436788854849634
3.742646686690687
4.58867919825321
3.2971389538001046
3.3238417728686187
3.739699167809962
3.2317322813981098
3.5838015856195753
2.8221508499845807
3.678395982569741
2.783198735413982
4.863458332521398
3.8329800267396563
3.5262855058313765
5.859301203774819
5.948183953887139
3.3695829279856273
3.079561971579659
3.2534548810721784
2.2926174318047035
2.6384863323195638
2.7693177166694
4.458384575033031
3.8816583549229926
4.627520599842446
3.499793602199079
4.815709054788829
3.068830107511571
4.285048549362091
3.968943322557534
3.392284372651121
2.1489107404923877
2.148651339630817
4.222504168739552
4.849901210072226
3.53320597147944
4.417027672077876
3.6880865386426933
3.706326733150153
3.7558673040568156
2.728452948151365
2.877123244685539
3.0609909471038024
3.2820737518570122
3.4544295132315317
4.936489805633973
4.481180927647242
4.973607046428953
4.829478146371989
4.610484650102262
4.3951581816450105
4.886583122045197
3.979622896012456
4.74712023629605
3.360982867382526
5.556162880065976
4.102838016329229
4.2701166907395605
6.274145764368178
5.851730651876179
5.213388491959466
3.4419541703208565
4.586771652633916
2.2836412172491793
3.4575246904059966
3.707331105229372
3.006688995329053
2.711136608584772
3.6693764349316296
3.5490519714938937
5.182129734184448
3.0295981510923347
1.5109090827851244
1.3832502969584883
2.5551898337737815
4.2802287440242335
4.298964893017015
4.388691886991434
4.024952338043096
4.4092931813456255
3.066430407312051
3.598470728229558
2.109745684409757
3.581824994014921
2.785080793003635
3.9454336020579217
5.276579039010869
5.005287600660833
3.611537192390776
5.150317870485689
4.178892656961375
3.8177626617903613
3.636477412557326
3.200755761610298
3.5274078579892483
5.137172964581761
5.63417795995507
2.845700667934826
3.942233250105754
3.6150232809784923
4.156281173698962
3.436524455034887
4.922245035595144
4.173529576632714
4.290444637647894
3.7272728659143834
4.522992478403598
2.32776363435337
1.2158559945469138
3.5378535406965264
5.157199277112717
4.287650306613411
4.926456439029154
4.200809543305183
2.1182039916884867
3.7170985132915124
2.538918717395981
4.144076606781794
2.031325506864732
3.7202028345538927
1.8982264121421928
3.6921345574715674
1.7741155828638588
4.242978960837418
4.490267942994787
4.344932488671154
2.1958165972866968
2.984950246478014
2.6976131591693
3.8540024355054023
2.7723716394004927
3.303597278488624
2.7400335986369826
3.293504380837897
2.630050613164378
3.525444346848276
3.2861543198315424
3.2822949902015086
2.230066392194223
2.439749476263774
2.1277035888644193
3.7822653050433104
3.8176695241614094
2.532787613325038
3.1457149955146106
3.2112096234142027
2.27383127861476
4.5595130361609915
3.1597650406576245
2.9188162882265174
2.777275634184696
