5.185939810526032
4.181940390962289
4.233437940206735
2.466572100322461
3.0685350824765525
2.2315345714104913
4.023410234160536
1.9766952857613636
2.514844719185763
3.867448170433972
4.273220054796952
3.022257921254381
5.6312101022183585
3.8594057542530833
2.6796864403991365
5.412602969305836
3.9259462516854438
3.5365430918829985
2.504662892559774
2.602706605320138
4.102784134425399
3.1247962909063625
2.1100625102996706
2.1061063580928807
3.392746232120085
4.100664333839654
4.4651710695189495
4.006507282516605
3.578090809444006
2.7013126861810286
3.368868748231003
2.243509655695525
3.5870456334704026
4.3695220416993985
2.568998463893012
3.776108294438554
2.143181330617146
5.094599984241181
3.387915993895472
3.129383207529996
3.2718900215680837
2.915125818286999
4.3999994561645295
2.689410709801655
5.141501603868104
3.826868470781261
2.7544394238624097
3.869469149219714
3.2923376712835526
5.663948430237604
3.6659302129885494
2.840759055086776
2.0651856879033965
3.276534126368483
2.6325269254499095
3.2528678916467744
4.454033260577757
2.7916478270746783
4.602602571184174
2.7138040191027506
3.618725721550072
4.262858285828797
3.050886559555119
4.098649274223294
3.3007245514577384
5.388401927866661
4.325910671219579
3.8350376125027967
3.818163798510516
4.641060739880305
4.287190817523441
3.553662291951849
2.7711121245913994
2.979114111291181
1.979822116737253
3.4198051591362986
3.7726713930343583
3.6055056762450395
2.982742588664143
4.2732866128430915
3.9531447447765835
3.610955836252201
2.9102015558932606
2.85699532771228
2.447568819753517
4.542806365106318
5.186073918115258
3.6473686450295433
3.8814662528293336
3.2106556929929764
5.2972647665635755
5.878400301146411
3.6172047760168353
2.486735791293343
3.63132222130248
4.062866818511419
4.191696914089117
2.51683976914441
2.0341027503469316
2.9646512183915097
3.782464884493234
4.9331656981656735
2.315305147752332
4.329492591504318
4.4203865988320725
3.759044025836829
2.6561723486103728
3.8201025476414716
3.1877354822120236
3.0185799251758376
5.017788947633834
3.597280810921541
2.2306505990414176
2.917206696780435
3.0001251175409287
2.613986526597491
2.8787027344327565
3.3113152114024724
3.694157294583088
1.677426051467391
3.5909961115473124
4.3277643863859785
2.8205812850022034
2.726149504462542
3.2883178646686138
3.5767814855972477
3.944500314093824
2.0995641455706826
4.8161994984239
2.839501438872825
4.635172086784903
3.2366064300586253
4.455774095266423
4.037703036765163
2.9618537237437814
2.9462734909530357
3.1402448002310237
2.7671114713203337
2.0546499109828877
1.9581518132642446
3.132915414614122
3.322788388334155
3.4048876223534332
4.70050424288369
3.0920225294434194
5.280648275809171
3.977415373196713
2.823162543046415
4.1198728725008875
4.056990873144089
3.0646560629500796
1.627401756192328
3.0917035268211666
2.6421953175721247
3.8205845366506686
3.3752254570716573
3.4709127070466526
2.80036172710062
3.1540873721866647
2.8686016283451874
3.7342442132227127
5.0364705593104295
2.5106626649095527
3.372473587804141
3.8169706445289218
5.435273070784206
6.1582396721291985
3.1178701562704263
3.9808563670665595
4.214018957531297
4.539438318474246
3.5830451354474486
3.7968668693995706
3.593902746357158
5.156563845899785
4.103083909422524
3.7113976664300297
4.670036480169414
3.8144446748401903
5.437431871642964
3.372375245800306
4.334646538137275
3.0369396178008823
3.5720708190005417
3.590878146931343
3.64172773214861
2.86595705224943
3.476758116540766
2.592354532886374
4.58919791151124
2.840932038476344
2.714470942926589
1.5183876915406735
2.4937230303112985
2.859121098214191
3.4200874899816784
4.3302124968768005
4.217037043891432
2.6824647703180085
2.585183266895816
3.53093156252907
2.656960697930874
3.0580044769047685
3.8156318961371958
3.1826097710413817
6.116748977933569
3.2080781149524444
3.666272085891908
4.969890472702684
5.305791583921597
5.190007564212555
3.5636299491420744
3.224471486491227
3.2904631877528057
4.3800902556227665
5.712018680951698
3.4763039169781806
2.714644850300202
4.689802693758341
4.545564505697205
4.344314083243403
4.6005515434758655
4.630260561440438
4.0228267880738695
4.299795760293205
5.190112769497213
3.3792666368723445
2.2533384523945412
3.6961043715531745
4.786656733049253
2.753156215803383
3.967411350114188
3.887257296245432
2.420301491998044
4.34860183391516
2.867253930752861
4.854497218268652
4.334539813228835
3.5471745566830335
2.8127908602552005
4.280170897103188
2.8046492936578713
5.169339130389455
3.2405342379299373
4.636917337527933
2.9376938577892546
2.871413191893335
2.230890070178885
2.9277924229262595
3.1102746243011343
3.899847218905631
2.710369284531135
4.397710067457495
3.5610851194135678
3.096747048907398
3.608902890770222
2.7404400642204703
3.9412595326824813
2.6411589132342495
2.7182458234070626
3.0557916995227115
2.8592492203129134
2.785525254803778
2.088621998162299
3.2305387082280093
3.1288435586929655
4.486490341315956
2.770920039445451
2.891248734663833
3.638987720538035
