5.343418215236766
3.3996046903895136
3.6085880941113246
2.755715534471293
2.3901493617252703
0.4581213981066047
3.766086760234013
0.45719085971086154
2.1432060185119943
3.180374848811979
4.5493887346802255
3.351933098384815
3.752349599358824
5.217594072657358
4.246862448296443
5.07234589674652
4.512923894745901
1.3463911476156831
1.6849960496042473
3.399593326421237
3.0844282678506567
2.771258600034776
3.226582677985892
2.83025063102443
1.029596597033521
4.459859643223309
4.416287834501536
4.234838832831459
4.251759222760561
3.349471231512207
3.2573379380288756
5.0313932993658685
1.7909544492278324
4.173016740579309
3.3511247149231083
4.229778271248345
3.953139684830531
2.96564606139136
2.2612897309132065
2.0855433655896296
2.916019230630966
4.13165562979748
6.812439126362932
5.7220288802363655
4.0382515179794085
2.5842438547401905
5.541485333941202
3.303744447684308
4.530593526373533
4.092646117058925
1.9327652360087453
4.149810517375345
0.9504645883355446
3.2519708717549194
2.423514918744393
2.2406848969994226
2.1711160901041358
4.236865485337441
2.079057057712073
0.7808104976892948
4.52965143887318
6.256322307483288
3.9460967827415123
5.262464241624943
4.04772872761108
4.9923398738297085
3.704750989649235
3.0617279487507387
4.592432967205273
4.432874107905116
4.11788254307166
2.925157974970632
2.2745210528447433
2.5979558746362095
2.2945529374394775
3.9862050970270912
6.816462634654532
4.381352403513015
0.2520440176900124
5.4525030486830355
3.0223431977499646
4.1956606084365236
1.6703878295275676
2.7653175311026006
3.351364949194905
5.040791829436424
4.2458699874362695
4.727168332760106
2.7284691528242515
2.8465327812435963
6.150529625486733
6.267026184615945
3.908705948410721
2.4090949201171505
3.72626730694732
7.18225520961698
4.862228337586892
1.3783977448745752
3.8217983634726593
5.668978081108556
3.4498392591037357
4.508585224540534
2.984214000859343
5.868747112487098
6.039123519191465
3.7093053694586997
3.6984142808925355
4.086319209313588
4.172497182283886
2.4906783636578673
3.511078231592704
3.3655659182970714
3.9602733374255776
2.7954905225921864
5.479141276775732
3.612411840757055
2.9065349083115635
1.1346222028716912
2.9265672554251383
3.4058039394318103
3.4486452922379214
4.9002176129887856
3.973800682763934
2.7402663621522825
2.932838764354772
2.789327111805027
2.8005786636277032
2.1021110372578558
3.164397403550045
2.3470175460904423
4.892456568080611
3.9111038046388726
3.377991387315798
6.131029834429849
6.808039957411465
2.84232322481564
2.662868491013997
2.8538745437977524
1.8734414293683614
2.101367254619018
1.930277165753342
4.559541775408322
4.457571748913286
4.295145812751953
4.706939018436474
5.121448113524918
2.9115706309164713
5.400943701852199
3.331127450793873
4.014578799385103
2.331166240785753
1.9378142142562276
4.6689613551723665
5.535465521404089
3.194139255485349
4.200051530995934
3.5977936091498663
3.5535045610389098
3.5614798348981673
3.0467148613933177
3.021929075652494
4.098164622494161
4.500000961892103
3.3939780089189684
5.271609408536721
3.683576623385229
6.041114365814377
4.640350728580254
4.60902128675392
4.777829310164037
4.842844559443087
3.7965976166177193
5.076179742433377
4.512721386513296
5.584141164093022
4.452646613091954
4.006218529990034
7.058138610371186
6.186425941058687
5.402075000539167
3.013050641130403
3.6479526303120067
1.0462116057079152
3.1988896023549236
3.553304695486149
2.559715390091741
3.1325725781422045
3.668368031958702
3.2687020618779927
4.055799867764839
2.419092619056336
1.2805839637782266
-0.32822265513136173
2.4261476693346937
4.539260807819936
4.100833431298294
3.7289124470382595
3.722235867345904
4.720831727635565
2.751067845765359
3.1410744508165225
1.1275048407497548
3.5180171783361396
1.5437859027756715
3.714365660039442
5.730969348425627
5.209213963554891
4.185983145788209
4.906650270710136
5.191362740934482
3.6728787195739185
3.5543495142594237
3.5733669609504988
3.51330261989996
5.77610845176151
6.652960632466008
1.9761570733092184
4.042271841189299
4.411053212501571
4.732207138926772
3.5767970918229586
4.411741163823402
4.595751479322995
4.148488751946367
3.6603626449880418
3.816159943698756
2.5130345962486684
-0.3381646439683886
3.9245133401582146
5.02309480941314
4.480702394962924
5.561849038118366
4.168393586833804
1.8062891051239323
3.236574343740952
2.154562472009891
4.266292298142031
2.207860758613355
4.666904651533917
2.0883969554514925
2.89196033191567
1.041129106981558
4.735229074187
4.848434858474116
4.173617520383435
1.2590298722243207
2.1919892178276497
2.617371039830514
3.976110840620038
2.5287116491461186
2.978074498598557
2.6757693119916226
2.4981874530194568
2.3267924230028862
4.17772953501002
1.8674164141229355
2.2348024107129447
1.1123804903054164
1.3618795309448628
2.0292737947855555
3.3388625518272916
3.0823028946127513
2.605492310158207
2.8251711394737837
3.951083080357043
1.6699668670243881
4.804667194505565
2.1102429103703644
2.8542811050412085
3.12224604177118
