5.640495074126146
4.250828931662359
4.4150378033802085
2.2258368919189744
1.7708821705332451
1.447569765751099
4.300538351056426
1.1051027220270477
2.0952127267061784
4.186478174602494
3.4108141633645417
2.950511162778133
5.079457251610494
3.3560149892470563
2.844247117300707
5.327058153897104
3.129653109699741
3.120357048272423
1.9731023982978548
2.3537260909439133
3.9828311995176966
2.6495641913126846
1.6181387312164346
1.8927654030838212
2.381882553100029
4.898726950108119
4.003677307880994
4.183803040150588
3.495517027953258
3.2675806901837916
2.8429388533226008
1.9430290790304714
3.7969797587433947
4.9550511992122805
2.391551735333152
3.7207844558017755
1.9234480746717275
5.81718760237051
2.6734997986332107
2.861489686275377
3.6962225978576675
2.338828540642673
5.241938652706672
2.149097336497276
5.175851870731476
4.266869873575412
2.4519881303290854
4.377245117302491
3.2347111708109972
5.608737508134235
3.4133574617063616
2.629917270689881
0.7611609119097319
2.5376793816204968
2.329147689504692
3.0357328015438796
3.317799631057073
2.706360928930011
3.862858536030406
1.4451734957373585
2.8369458597866615
4.854550221422192
2.6448109175106516
4.922907884770831
3.3317271237134434
5.650704364420233
4.680264352327339
3.6270200187769874
3.6592556652163637
5.027972765313006
4.337733701875635
3.010962316408259
2.2021554454954253
2.4826816559138485
1.4805768039571596
4.004825578525697
3.8807482215769165
3.23703539056915
1.8194988487651103
4.139375276286718
4.152864415593816
3.5751598195149015
2.198676710142344
2.4436814767508324
1.8950004070116073
3.9242515483237796
5.8729319269339255
3.7050161645762443
3.5883871065487467
3.2005222417241286
5.749003730218344
6.068388336913689
3.7244359823746978
2.1089235599712333
3.7884916953751167
3.857429846329326
4.296754129658423
1.3653797305254785
0.8262764553117009
2.269354593379477
2.9729804291837327
5.4023404907688555
1.8389693316316342
4.278702951856433
5.420251173771599
3.029425927220065
2.375292260087349
3.867923932557498
3.934479381083533
3.0963820667290958
5.359510784129866
3.7716068478746125
1.783281087253754
2.1507421846329637
2.801565414387472
1.866527754809916
1.3669496683070936
2.625525120103002
3.44378246404996
1.4861408307319752
2.870731757283577
4.6528294678241116
3.776501743985139
2.0401170069102865
2.4258546905446017
3.1073739757035574
3.6776962258765105
1.557952093716554
5.053576952290955
2.8022038716260442
4.02673592641329
3.3470603193809665
4.11763517391221
3.863666019651096
3.09135713064601
2.890827224868258
2.3537199863725
2.7263171853878503
1.8813423232589983
1.0350104624217489
2.881194782621762
3.487305945785626
3.7843758214972105
4.607314332623064
3.243564559273518
5.080559797934066
3.9570144217268606
3.3778489910425726
4.187890883666964
4.809079449513423
2.6048819945497663
0.8924161664333912
2.528601278879293
2.7192696139171857
3.0438167405356844
3.7006590037953737
3.327084877733794
2.7971395684330567
2.9188153890306725
2.5356724327213507
4.527024587125896
5.822091886461649
2.8387814978194217
3.182399864503965
3.9195436429197934
4.978602101544425
6.735934698338426
3.3687289412443784
3.8798135072587554
3.9166155796904834
4.6397916205105485
3.5347286863873704
4.468827238891608
4.240086498981282
4.632813278078676
4.101585136811946
4.65272917388044
4.771678768703258
3.9615319930508677
6.101030388040732
3.2993195319539113
3.6735223366569025
2.0689536684825662
4.073556285554012
3.5599076863827017
3.2920077953502203
3.084109144928944
3.28898369391014
2.2960158944117266
4.305429567272741
2.675877329606953
2.4232566865443723
0.2574967934930809
2.4936286022483025
2.5509480477959627
3.4090439909607513
3.926993039037918
4.2183092824358726
2.647758746299103
2.489058669505362
3.8015194163396315
2.1954388375227896
2.937450629702045
3.328514933816412
2.8416236261998664
6.831954621304111
3.606014938360275
3.936105304521059
4.5064125508513335
6.176134687436965
5.104696888788044
3.3975826348678226
2.5896014241381873
3.3578127550181778
4.940663023529128
6.763502381380258
3.1138248060137643
2.806148465422543
4.6848721419696995
5.273500078235342
3.9140339811522606
4.260721636680354
4.935504441209344
3.4971905618496435
4.094419266592787
4.771461354232555
2.902185478314662
1.3482233956241345
3.616118304909378
3.823444132859777
2.9513804510840425
4.456015678365043
3.9540866863041066
2.220116429078358
4.128605868381554
2.316635809206987
5.024135950000314
4.518074820418586
4.843791755478337
2.5230922342757895
3.929412834619206
2.6364075561986517
5.2102668665615655
2.665974371788133
4.177080690857524
2.6733041515815295
2.5773935899564036
1.1722988322557981
2.548898653424509
2.4024736206221937
3.5588214477842968
3.058066122623602
4.40604810294054
4.2583294170193735
3.1972138014033313
2.9441210211120095
2.2346492235384616
3.7635417942058327
1.8437456669920926
2.1889577593204685
3.128279867895201
2.3450426982256536
2.7767080739286127
0.9820030108275551
3.408502162819442
2.730762002375127
5.18490328370709
1.8908453323687908
2.720049512527131
3.6516550757956936
