4.887106537818909
4.293119192123413
3.527977168560028
3.0845892429351807
3.0173258781433105
2.2420576214790344
3.6731448769569397
1.5345021486282349
2.9409897923469543
3.2505738139152527
4.433826208114624
3.942629396915436
3.302424132823944
4.865506291389465
3.737287938594818
4.759376883506775
4.072815954685211
2.29918709397316
2.5154062509536743
3.126851737499237
3.3487287163734436
2.7237663865089417
3.142069935798645
3.1099783778190613
2.4710777401924133
3.138834834098816
4.854830741882324
4.170636177062988
4.855171203613281
3.5337928533554077
3.024418294429779
4.528753757476807
2.0406199395656586
4.040156662464142
3.6904364228248596
4.389407992362976
3.6162022948265076
3.396380066871643
2.888236343860626
2.9932984709739685
3.1585705280303955
4.075715720653534
5.779951691627502
5.140134215354919
4.803782105445862
3.173758625984192
5.6079699993133545
3.232974588871002
4.282924175262451
4.310480117797852
3.218533217906952
4.336640477180481
1.4480498731136322
4.308372616767883
2.8675642609596252
3.5199655294418335
3.553084671497345
4.480628311634064
3.8566291332244873
1.8247510194778442
4.731197118759155
5.522289752960205
4.108328402042389
4.358975887298584
3.811716139316559
4.626203656196594
3.5831729769706726
3.0658687949180603
4.03359067440033
4.061206579208374
4.220658898353577
3.4888033270835876
3.3657196760177612
3.2205474376678467
3.2991507053375244
3.7587791085243225
5.413096308708191
3.959693133831024
1.9062129855155945
5.563944339752197
3.2341573238372803
4.32402503490448
2.350677579641342
3.702972114086151
3.5535495281219482
5.342163801193237
4.144774496555328
4.611058712005615
3.122715950012207
3.613538980484009
5.277700781822205
5.585648059844971
4.101082265377045
2.5715410709381104
3.340662896633148
6.063259720802307
4.376351714134216
2.650036096572876
3.456893026828766
5.226829171180725
3.8697168827056885
4.177750825881958
3.2245569825172424
4.8423895835876465
4.620198965072632
4.109957158565521
3.439920961856842
4.200128376483917
2.9708829522132874
2.7272419929504395
4.1217122077941895
2.92447566986084
3.2723108530044556
2.799670398235321
4.92319393157959
4.112586677074432
3.9195871353149414
1.599566489458084
3.4398019313812256
3.7843440175056458
4.121144652366638
5.0697922706604
3.644166111946106
3.0613957047462463
3.393709182739258
3.6826193928718567
3.785650372505188
3.033372461795807
3.0014554858207703
3.1404237747192383
4.765969276428223
3.9613085985183716
3.503404200077057
6.153903841972351
5.595665335655212
3.45883572101593
3.128731667995453
3.714774966239929
2.7585843801498413
2.8056631088256836
3.0281646251678467
4.275222301483154
4.072891414165497
4.491738677024841
3.8454862236976624
4.933491826057434
3.413566827774048
4.529162704944611
4.215580224990845
3.647736132144928
2.288733273744583
1.8303608894348145
3.9647738933563232
4.904734492301941
3.6382903456687927
4.368295907974243
4.1491392850875854
3.573460340499878
3.6243509650230408
2.6064265966415405
3.113304376602173
3.401508331298828
4.091696739196777
3.593260884284973
4.5793177485466
4.320391774177551
5.039292931556702
4.94066596031189
4.13834547996521
3.9377418160438538
4.798250257968903
4.604693055152893
4.500259220600128
3.3089889883995056
5.164281845092773
4.014689087867737
4.166044175624847
5.90008819103241
5.548115611076355
4.811355710029602
3.157255470752716
4.674893915653229
2.7731261253356934
3.669114887714386
3.6506876349449158
3.081418216228485
3.6590505242347717
3.482463777065277
3.522508144378662
5.044058084487915
2.9417126774787903
2.0277895033359528
1.9972525238990784
2.525672346353531
4.331773638725281
4.348242878913879
4.476565480232239
3.8308555483818054
4.150905728340149
3.199356973171234
3.607093572616577
2.5300387740135193
3.579135775566101
2.9923113882541656
3.746437191963196
5.138821601867676
4.644808292388916
3.7718183398246765
5.223710894584656
4.542447447776794
3.8616827726364136
3.260579824447632
3.3598137497901917
3.6864526867866516
4.636464238166809
5.310355067253113
2.411733090877533
3.6145777702331543
4.090858340263367
4.333413362503052
3.2698367834091187
4.8021018505096436
4.256900131702423
4.319840312004089
3.7327171564102173
4.436257004737854
2.5076274275779724
1.2487720251083374
3.4538838267326355
4.730593323707581
4.088115215301514
5.071986794471741
4.082050263881683
2.533164620399475
3.740493953227997
2.6427521109580994
4.015941739082336
2.517166346311569
3.6961185336112976
1.5328657627105713
4.017823219299316
1.9529687464237213
4.744386196136475
4.352431893348694
4.140424609184265
2.595145046710968
2.7480093240737915
2.9936837553977966
3.751886546611786
2.993383228778839
3.8668417930603027
3.0020171403884888
3.5372231006622314
2.76542592048645
4.02076643705368
3.61897873878479
3.712333917617798
2.5305185317993164
2.781584858894348
2.226759046316147
3.578700363636017
2.964105784893036
2.303668588399887
3.4802764654159546
3.1859837770462036
2.2990106344223022
4.031264662742615
3.335372507572174
2.6926273107528687
3.05684632062912
