4.963130354881287
4.219154000282288
4.749802947044373
2.6986371874809265
3.4613215923309326
2.8585197627544403
3.9358065724372864
2.365826278924942
2.799664080142975
3.921508014202118
4.157854437828064
3.3599236011505127
5.024314641952515
3.8309073448181152
2.970554292201996
5.011760592460632
4.100664675235748
3.352395176887512
2.668546438217163
2.5171083211898804
4.264619410037994
2.8403350710868835
2.583238810300827
2.19260635972023
3.468251049518585
3.782232880592346
4.521177589893341
4.455756306648254
4.0532002449035645
3.034147024154663
2.7415931224823
2.807026207447052
2.9465497732162476
4.479640364646912
2.5885488986968994
4.016716659069061
2.5420287251472473
5.3453792333602905
3.122921586036682
3.3437055349349976
3.5390096306800842
3.011257827281952
4.214618384838104
2.966841459274292
5.351214170455933
3.9589993357658386
3.219731569290161
3.715647280216217
3.1979916095733643
5.2577749490737915
3.8765082955360413
3.117796301841736
2.224544256925583
3.644522964954376
2.5214706361293793
3.4287367463111877
4.251926481723785
3.0824379920959473
4.634383678436279
2.6647267937660217
3.7252177596092224
4.422927379608154
2.9028461575508118
4.122195303440094
3.1875334978103638
5.185123801231384
4.371451199054718
3.884736180305481
3.7753294110298157
4.139588117599487
4.3901766538619995
4.0198482275009155
3.2775651812553406
3.5839016437530518
2.630681574344635
3.0645031929016113
3.6630913615226746
3.618634521961212
3.2766974568367004
4.270095944404602
4.157765984535217
4.034604907035828
3.1851406693458557
3.2274277806282043
2.7663225531578064
4.350020408630371
5.463122844696045
3.683602452278137
3.4417145252227783
3.421361804008484
4.86698579788208
5.272156834602356
3.9145708084106445
3.086573600769043
3.7493494749069214
3.993496596813202
4.127478659152985
2.6371615827083588
2.3784601390361786
3.0415230989456177
3.6556460857391357
4.937684655189514
2.581575095653534
4.05419248342514
4.2385576367378235
3.810864806175232
2.3388480842113495
3.707289695739746
3.44085955619812
3.24891996383667
4.583357930183411
3.141699969768524
2.0412140488624573
3.07039076089859
3.3446797132492065
2.5960828065872192
3.2256938815116882
2.956849157810211
3.6623289585113525
2.3423632979393005
4.255070686340332
4.743600368499756
3.0903838872909546
2.544765383005142
2.757180333137512
3.493747353553772
4.152580618858337
2.437246263027191
4.130616903305054
2.9843562841415405
4.631377816200256
3.5087571144104004
4.225518524646759
4.671640753746033
3.8564672470092773
3.2710734009742737
3.185527205467224
3.3340055346488953
2.3709588646888733
2.529564678668976
3.3494234681129456
3.13790100812912
3.5592320561408997
4.316333293914795
3.4723479747772217
5.40402626991272
3.9367196559906006
3.2972026467323303
3.9947323203086853
4.415672183036804
3.153239667415619
1.5429978668689728
2.909577786922455
3.0478904247283936
4.01839154958725
3.711462140083313
3.6970848441123962
2.566878914833069
3.508815824985504
2.4772175550460815
3.7112112045288086
4.6097739934921265
3.0648975372314453
3.39061963558197
3.6192737817764282
4.823102831840515
5.616193413734436
3.683699309825897
4.071355640888214
4.028255462646484
4.461200475692749
3.8466562628746033
3.934557020664215
3.8522316217422485
4.727208852767944
4.011130690574646
3.930285334587097
4.662407755851746
3.9251357316970825
4.957880020141602
3.200766444206238
4.343925476074219
3.4971755146980286
3.832179844379425
3.2621747255325317
3.905821204185486
3.5663836002349854
3.6528363823890686
2.9196521639823914
4.395194172859192
2.590662658214569
3.0536398887634277
2.176781326532364
2.541153699159622
3.031417965888977
3.5324888229370117
4.303655624389648
4.173097133636475
2.6527979969978333
2.890013575553894
3.8528319597244263
2.8099308013916016
3.2310284972190857
4.119266450405121
3.392895758152008
5.7434821128845215
3.4004748463630676
3.955208420753479
4.968215823173523
5.3928385972976685
5.1810373067855835
3.5928996801376343
3.488237738609314
3.643242657184601
4.192698955535889
5.313140511512756
3.4321385622024536
3.0469359755516052
4.2812340259552
4.445291578769684
4.185997664928436
4.440004825592041
4.35082072019577
3.873226583003998
4.058016240596771
4.949788689613342
3.4770559668540955
2.4206472039222717
3.3135335445404053
4.497856318950653
2.770802140235901
4.2451037764549255
3.7905805706977844
2.834651529788971
4.480006992816925
2.826601207256317
4.649823069572449
4.407338440418243
3.7844578623771667
2.613311231136322
4.175601541996002
3.29994797706604
5.314791798591614
3.0424437522888184
4.511169195175171
3.239638030529022
2.7006381154060364
2.6349658966064453
3.2453060150146484
2.7769436836242676
4.370049774646759
3.0516490936279297
4.413801670074463
3.846463620662689
3.6385334730148315
4.283909559249878
2.9338242411613464
4.060231328010559
3.0972095727920532
3.105378270149231
3.239879608154297
2.2221753001213074
2.903205692768097
2.4046081602573395
3.1051864624023438
3.1075794100761414
4.259620904922485
2.801732659339905
3.0132750868797302
3.9705845713615417
