4.937697720573673
3.9972716117465787
2.964789922162244
2.819624265891068
2.979737190413726
1.0973057637461894
3.2740153371149945
0.5383026264570283
2.8274959148689556
2.71550639937752
4.1146718909619455
3.456604535386743
3.1694472294999843
4.992530591672905
3.675576641769358
5.124455939410785
4.079371660338845
1.9474508099813086
2.579961174112562
3.112003946158774
3.135554957926487
3.4044492300487947
2.581714391654716
3.2095863871466364
2.2147410013773237
3.2747419147659707
5.1890130888588235
3.557026971273757
5.1746032150717625
3.334025837028777
3.4073647699930705
4.457683157099723
2.611880808192493
3.497628898513458
3.524324907363348
4.121780647183606
2.9868820846782818
3.061248894531986
2.7083143644849583
2.636348349156968
2.7442761166131966
3.9258190157570736
6.345114057377157
5.398194788616868
4.353469263566898
3.036977498265748
5.865427222606685
3.3057856236912015
4.263089560725366
4.309124011330086
2.5384004031496277
4.185533017472218
1.2458513656930663
4.041812275358507
2.814989034998784
2.6338814066199125
3.0942508045062427
4.148675681570552
3.2619947081894956
1.3819540237210945
4.639699258649442
5.378587345243974
4.302194572475135
4.319946381775738
4.177999577173621
4.5550762285528945
3.618641797424131
2.723304338958818
4.551566913305013
4.247192097311304
4.110409324617929
3.2266253094208452
2.8704528586104643
2.948853764480367
2.334350701629048
4.080529267603233
6.074789651442698
4.0012095359310775
1.2879918367014938
5.593782586193046
2.8303618229493273
4.046697729740327
1.8416110574503854
3.3428809609716055
3.4172537482480307
5.630753987335234
3.637262333209695
4.781918817876024
3.269960185627285
3.514818031783792
5.66424610712424
6.088917550619778
4.112731727738161
2.0174882499608926
3.677510144777591
6.655335024475917
4.783415755602426
2.379946021552352
3.8879779250794697
5.483129027271425
3.6771879110875743
4.195998191719861
2.8798116560056446
4.918311837939538
4.96721997763536
3.863952553974925
3.6495982330444052
4.140883333632402
3.071364397102338
1.9046267237346313
3.83363802748559
2.8397584705079084
3.8533385726738087
2.7361293022008253
5.141535933105212
3.8520267844317444
3.8460406084995142
1.2797993815923507
2.9829949285502204
3.454075455439147
3.6352914299120016
4.6238565361302815
3.5442544720167213
3.4811102034485595
3.463053372724329
3.1854006883811916
3.759344876155983
2.661703210547089
3.3657249699411453
2.699318850368037
4.976222299665254
3.8853234989793712
2.9972301342796572
6.134959422445737
6.02883626970033
3.3670857461917287
2.85814289008424
3.177536689825234
2.3308544397312083
2.537871320310365
2.6418326699375174
4.346436692250164
3.9327533571481985
4.7494490814122
3.5699773662278163
4.73128003469687
3.2268283807065203
4.394338576920855
3.9380793138514796
3.5397104201138077
2.0301989126371716
1.803849514198723
4.432325252525904
5.021895610185474
3.4193635621385616
4.3044710285706165
3.5795847604443187
3.5856378373918196
3.776277134360357
2.9312581548059295
2.8101092435878114
2.9277113121050324
3.6462145407542437
3.380442958369047
5.105164097379692
4.206748160149151
5.278668985542395
4.701398070608373
4.799623751939983
4.265359852891334
4.831846911636978
3.920221310679797
4.5737174517161465
3.4954305035219853
5.440867435870667
4.256378547165736
4.063800736741282
6.268827191487038
6.025071302742401
5.050366117659708
2.9444532269279504
4.655977251955763
1.906795873376146
3.1760016068432746
3.613648711942831
2.820896048088584
2.9339048052578933
3.307523185469151
3.4119820233421065
4.970472345624929
2.847078105224023
1.2490147295805598
1.0334815598130263
2.3741281213477086
4.372979869012169
4.1876488649091
4.211952589148145
3.829424776398844
4.465408993660614
3.0894128885784697
3.7946454514819705
1.797956528521036
3.85231544576871
2.5201938269685145
3.816636381883908
5.418469099952967
5.005721621598128
3.6130419492895682
5.198097404680837
4.205229856750135
3.8547776097933744
3.4991207897011365
3.286009221787664
3.69026208366299
5.183080026510254
5.681689044920699
2.6667114649064874
3.7013248364842775
3.7482673782220544
4.361095161515758
3.4332463853022697
4.8512138391730435
4.301243393180445
4.226087419324034
3.6071910860675223
4.1479231572151205
1.9211025118844787
0.7960017745300407
3.6603481489588985
4.958800918671086
4.308966850447556
4.947453302494645
4.098380316876443
2.15638452304682
3.5363148560996707
2.195339637388955
3.947887410330522
2.002304536341988
3.7194608081011986
1.271878654043286
3.6820640481927804
1.4486852678494564
4.137234153652342
4.525602286662165
4.100135531167738
1.655230187657526
2.8438370545642053
2.5823889784046785
3.810519680016461
2.5263028561173404
3.3539159211157377
2.640229132943259
3.271444120767133
2.5596320183613797
3.552346625927534
3.1294737689003456
3.1711455975447578
2.177750542011754
2.408148589219168
1.9351410094508286
3.3678346175158778
3.6439116870925417
2.3770376904254777
3.1018104341687067
3.193351082593465
2.16566553237396
4.628799325889375
2.949426903337525
2.7045324205395564
2.909360049213092
