5.098744029788006
4.221501818697174
4.26412709455879
2.2010459685618193
2.8591853746523164
1.9821197679268612
3.9326233455409794
1.5049399154771033
2.0044746818296297
3.8386814852824025
4.47192252738145
2.8654661104085073
5.738741163952168
3.581124129454198
2.5420607373412762
5.316112991248188
3.691886477488784
3.4264184553211736
2.3823450256401375
2.6345993654355424
4.230571636640381
3.0705869256431915
1.7853119488898155
2.2925941249262736
3.174322990073084
4.099683308813802
4.4144560149861505
3.9511790606775867
3.8068000936335467
2.656867822154978
3.3814517205519534
2.2651914776805895
3.8048609830670883
4.391410843037049
2.1693393869943005
3.696887470445872
1.9073540910550666
5.300734670661649
3.1096949122908213
3.199826768360985
3.2722834491395645
2.6139904885255874
4.339158868339534
2.304779952213837
5.127402328850262
3.7990272109107908
2.577654329133079
4.079607782304144
3.0473778122717294
5.760743645322868
3.4407822851826992
2.760365462354428
2.042205160757572
3.1397388944353994
2.0764455772976316
3.0041692213571087
4.238518493890407
2.475852029685012
4.725615538557742
2.6190659378752943
3.4767933037010095
4.334027297290255
2.9260217748453727
4.117329271705865
3.0217169707788867
5.499934826577567
4.36684986283971
3.891251296440241
3.9111340703588744
4.3677667480874645
4.18481815612225
3.437205818998278
2.6002619391617654
3.0594652082466616
1.647049659537225
3.4591439812142766
3.819034803559247
3.5177373099392453
2.6138644038760903
4.35859699679087
4.070963054840228
3.5463504265130945
2.8229105342335976
2.588416544225372
2.082603543925496
4.538380787306553
5.215425709887481
3.428308612456102
3.846905265168618
3.251481974646606
5.186208582123373
5.832029254394622
3.599740023200814
2.218525696460788
3.6227873350322346
4.011841355513143
4.238841327187195
2.3508572548482944
1.9584918584914788
2.5826175931811504
3.3624980662214043
5.237439824668487
2.004603473119204
4.174236601135522
4.731005788820427
3.5682783385713037
2.446462619696932
3.897408958406197
3.0311585565412984
2.9592609810788058
4.805956682577678
3.2107212562995757
1.9586186615021677
2.8826003568176324
2.928267728458413
2.2630777488456824
2.593955283954278
3.0824477085881634
3.664495632304264
1.444638337995107
3.554299381367598
4.528147023067509
2.999360904678063
2.3497515275958296
2.8949242501586485
3.4420537981935437
4.143542033139083
1.779383848166626
4.90537921257179
2.9377543651579163
4.601456229179414
3.0581140057653835
4.495142274848559
4.14024110891264
3.167159793325955
2.9710591264991626
2.714640865645789
2.7105540159476242
1.9542043191583598
1.8556957697266365
2.828818317399377
3.018673101676064
3.519328636981168
4.690490212566966
2.83488463834799
5.360453112366071
3.8755138801408506
2.6511269308460044
4.067795854679919
4.567880666214316
3.0884243366859994
1.1220282986975856
2.9603254117797815
2.4937092073583536
3.649625414992652
3.253532088185979
3.219091270640164
2.5607730316574466
2.953408786282547
2.453763485329799
3.6204173880937462
4.902346897114176
2.4761456961246635
3.1513300602746144
3.878942074932161
5.263353324862466
6.432156738274057
3.1152447572247226
4.0364853176773625
4.067442647353223
4.455909348468601
3.3377480629018748
3.4043915955990984
3.7741103629901422
5.220517885861509
4.0624049718130255
3.779878388420024
4.763531438605775
3.7589540343683856
5.236908659723385
3.037444137340542
4.23229265066015
2.800224712401157
3.3618824293045195
3.684934615458565
3.5088695627853235
3.0398264980977934
3.1106456955711153
2.3933114119269208
4.551100429290694
2.5717125775590595
2.6115129427939534
1.0436556271493562
2.306719347670271
2.619481134027118
3.162579526039629
4.2469992870211515
3.957905623012047
2.561523740866112
2.505002260204005
3.5887925702556935
2.4208089797046655
3.0627857669918166
3.7729077491946486
3.024176894078059
6.168549516056492
3.2157210411573076
3.82438653582268
4.767015780717685
5.4045941774271835
5.588470882652799
3.6659558211681422
3.184343652669833
3.4754388552033015
4.300509708232816
5.860626609942811
3.126227488962778
2.683007289572783
4.426755563825441
4.674412886517694
4.171439240356975
4.725975479199399
4.61318523814754
3.7552162910510516
4.193293095276656
4.816576176805895
3.1764767868573367
1.9542341792900775
3.6219331745009478
4.771636301012871
2.651283544530683
3.9945683633800875
3.8505769995751877
2.3579979323287104
4.456193564842794
2.4644073850134123
4.88791904829778
4.344818146793628
3.5315700878299423
2.580458708106056
3.9906761074311183
2.616194872164365
5.26205950242822
2.9170519144976104
4.347387716243345
2.7398790432895552
2.7688302788115178
1.960089523952382
2.8096487281510254
2.6896453688363415
4.05066828438804
2.4217918801995877
4.643447095702724
3.453243073293147
3.076319136041744
3.7165995931655864
2.509975759673474
4.028930138839931
2.518718585551155
2.4752806480320024
2.9016842185263223
2.4489248363499176
2.6594405204520446
1.8892492798880025
3.281990528453629
3.0460957478091264
4.5582236878166675
2.5398876274598563
2.7310358841160047
3.700588051373652
