5.381937440836158
3.3519726131388374
3.5667738189905775
2.743028280990963
2.384920630823318
0.5351294194238401
3.8817564205925668
0.5434677033762133
2.209323064220977
3.1187477016297556
4.667893388372323
3.4343242348320975
3.663716018071811
5.339556145526433
4.267900376370996
5.01648746457526
4.525957998215753
1.5584584479657184
1.7384529714482841
3.5130553222489547
3.0987440236267045
3.015134698163566
3.264290259776511
2.9411336003294064
1.035462858374019
4.447658323907621
4.311349518774136
4.22732692029973
4.246553391748676
3.3717099927836442
3.211894472001417
5.097678436871362
1.9779388756290324
4.270726762699026
3.4092908227922045
4.312524994187263
4.044706872863533
3.008930574899266
2.2175901451369153
2.1750819052407753
2.7998830630780733
4.268069047488972
6.920294029962961
5.7260198049932525
4.024281389263488
2.5831173373791865
5.5969853808350765
3.2335934529561414
4.438510978494324
4.165318355146414
1.8601612498841795
4.2611840147210955
1.060804982764054
3.3105310436374524
2.5041878103009356
2.0857499118764946
2.230878886871914
4.311721310968431
2.0450423829527944
0.9922188028459437
4.567718345896609
6.228102904577406
3.9249208636707356
5.241246510196304
4.052360399920442
5.020632013123939
3.594750344363435
3.0416563731839603
4.58575095524162
4.51089931024186
4.112614539137436
2.944617260726132
2.352108401803353
2.58939472005704
2.3433512631893927
3.9365637213590365
6.907801353921702
4.357599932357211
0.4766169900065346
5.371874140346544
2.951110985441256
4.2653636279158755
1.7161965278633087
2.7867563018153763
3.510347488081022
5.178293016182612
4.272312594803539
4.795271248333738
2.7935394120260075
2.9000168111401337
6.326604145673648
6.28225847704077
4.064425999501097
2.593497145799365
3.8819457535529587
7.2896189440198595
4.8561558618444804
1.5051846750210356
3.83259624360502
5.792161026730416
3.566976837536718
4.4549531642372795
2.9454387895411376
5.874943991112883
6.074597079348096
3.710575537029507
3.660348175388409
4.216952979923982
4.218639146997448
2.5393280273467926
3.6737197823400387
3.4311948087924087
3.96230854482889
2.886424523461067
5.619550447626863
3.8247731478870346
3.0457549486867124
1.3274423686948753
2.9450546652486005
3.498258123783927
3.4257154613926537
4.993977758092261
3.9620311675625164
2.8395946968458428
2.9541044943935497
2.986391403710267
2.8511351576386423
2.121498026912456
3.41677526979084
2.4470346626189468
4.813670226434673
3.96251461509857
3.454473556407672
6.1481831472640875
6.737978144956187
2.740573814409208
2.7423193608688856
2.9271721852533807
1.8609086178491836
2.096610215500095
2.073303695423117
4.571971772127509
4.447231508093712
4.209771525976222
4.678551060451768
5.108471023030517
2.9063813397889002
5.4787177972532675
3.4044814879952905
4.000486713840105
2.345874490076866
2.015333917798707
4.741547382883515
5.7158996029169415
3.1422612829493253
4.296566701026831
3.647080853071154
3.6515749396396813
3.70860202978074
3.035353383616924
2.9999246746700003
4.209482999576683
4.515005906065135
3.416984528760915
5.411565967851517
3.7884287243460633
5.96859820008959
4.74971925538419
4.63345925092891
4.769110713343977
4.857792373752714
3.866610592811803
5.147282953512408
4.335582790558521
5.695420884289401
4.401979411398427
4.130146269413619
7.171661136566436
6.188304659348797
5.5187393670820475
3.1535606146995256
3.7496366461290926
1.0646902234788118
3.3479410420289106
3.687973072914467
2.567249992211019
3.0985553133321595
3.8086183773930173
3.3668759737934657
4.130193656365592
2.3127680409957483
1.294697203689534
-0.22261866121696525
2.533604220362959
4.5529905279347265
4.22675200162005
3.9321798843728737
3.7296719117974866
4.779598275899593
2.8786324501086304
3.2478475800386284
1.3144151553706844
3.549803096298937
1.5248404859197338
3.6895722369654944
5.791761498018258
5.333541774500696
4.292526090140337
4.8934532653209315
5.168161069890012
3.6046017525788563
3.5124839320212993
3.5226288689903833
3.6007417720575656
5.675756071814734
6.695918808913324
2.19602238594299
4.233490086965903
4.357078579723907
4.7273758692366465
3.6105352483544912
4.461419850351818
4.464275027427307
4.073471747893009
3.678050487649456
4.038052146974331
2.6588586604523488
-0.005463706784818297
3.8825089733422806
5.111349810426979
4.523720331695613
5.620687607055828
4.298620847757232
1.7808784151858383
3.2781013995240955
2.21976978325611
4.263149008596473
2.095689249116223
4.561039430104953
2.21137903801918
2.8065894422773234
1.3117810298313726
4.648281613246628
4.73525005796192
4.325425911973562
1.452881208452209
2.2140897425348585
2.6763370879924246
3.959636939080795
2.6119922179163804
2.919887582760973
2.721637134183441
2.522791174956691
2.2854881437750265
4.146090373571962
1.857083968641539
2.2804412650459422
1.1566515509378843
1.2656593081048322
2.0774940282374157
3.491747677677175
3.1441793698686467
2.5982044665248174
2.916304109083382
4.042929638798875
1.6400458276026262
4.634273816687962
2.1250206481373923
2.9368045156242206
3.018259458097638
